ITC ********
BUGS > 0
************************************************
forks 160
joins 148
events 192
 queue len 13


tempfile
elem 0
((((((1,((1,(1,0)),0)),0),(0,(0,1))),(0,(1,(((0,1),(1,((0,1),0))),0)))),(((1,(((1,(0,1)),((0,((1,(1,(0,(0,1)))),0)),(1,0))),1)),1),(0,1))),(15, (1, (0, (0, (0, 5,0),4),(0, 0,(1, (0, 0,(0, 2,0)),1))),(0, 1,(0, 3,(0, (0, (0, 0,1),(0, 3,(0, (0, 0,2),0))),2)))),(0, (0, (0, 0,(0, (1, (2, 1,(0, 1,0)),(0, (0, 0,(1, (3, 0,(0, 1,(0, 0,(0, 2,0)))),0)),(0, 0,1))),0)),0),(2, 0,1))) )
elem 0
((((((1,((1,(1,0)),0)),0),(0,(0,1))),(0,(1,(((0,1),(1,((0,1),0))),0)))),(((1,(((1,(0,1)),((0,((1,(1,(0,(0,1)))),0)),(1,0))),1)),1),(0,1))),(15, (1, (0, (0, (0, 5,0),4),(0, 0,(1, (0, 0,(0, 2,0)),1))),(0, 1,(0, 3,(0, (0, (0, 0,1),(0, 3,(0, (0, 0,2),0))),2)))),(0, (0, (0, 0,(0, (1, (2, 1,(0, 1,0)),(0, (0, 0,(1, (3, 0,(0, 1,(0, 0,(0, 2,0)))),0)),(0, 0,1))),0)),0),(2, 0,1))) )

elem 1
(((0,(0,(0,(0,1)))),0),(15, (1, 0,(0, 3,(0, 0,(0, 0,2)))),(0, (0, (0, 0,(0, (0, (1, (0, 1,0),(0, 0,2)),(0, (0, 1,(0, 0,1)),(1, 0,1))),0)),0),1)) )
elem 1
(((0,(0,(0,(0,1)))),0),(15, (1, 0,(0, 3,(0, 0,(0, 0,2)))),(0, (0, (0, 0,(0, (0, (1, (0, 1,0),(0, 0,2)),(0, (0, 1,(0, 0,1)),(1, 0,1))),0)),0),1)) )

elem 2
(((0,(1,0)),0),(15, (1, 0,(0, 3,(0, 0,(0, 0,2)))),(0, (0, (0, 0,(0, (0, (1, (0, 1,0),(0, 0,2)),(0, (0, 1,(0, 0,1)),(1, 0,1))),0)),0),1)) )
elem 2
(((0,(1,0)),0),(15, (1, 0,(0, 3,(0, 0,(0, 0,2)))),(0, (0, (0, 0,(0, (0, (1, (0, 1,0),(0, 0,2)),(0, (0, 1,(0, 0,1)),(1, 0,1))),0)),0),1)) )

elem 3
((((((0,((0,(0,1)),0)),0),0),0),0),(11, 5,(0, (1, (2, 1,(0, (0, (2, (0, 0,2),(0, 3,0)),0),0)),0),(0, 2,0))) )
elem 3
((((((0,((0,(0,1)),0)),0),0),0),0),(11, 5,(0, (1, (2, 1,(0, (0, (2, (0, 0,2),(0, 3,0)),0),0)),0),(0, 2,0))) )


elem 4
((0,(((0,((0,((1,0),0)),0)),0),0)),(15, (1, (0, (0, (0, 1,0),0),0),(0, 1,(0, 0,(0, (0, (0, 0,1),(0, 2,0)),2)))),(0, (0, (0, 0,(0, (0, (2, (0, 0,1),(1, 1,0)),(0, (0, 2,(0, 0,1)),(1, 0,1))),0)),0),1)) )
elem 4
((0,(((0,((0,((1,0),0)),0)),0),0)),(15, (1, (0, (0, (0, 1,0),0),0),(0, 1,(0, 0,(0, (0, (0, 0,1),(0, 2,0)),2)))),(0, (0, (0, 0,(0, (0, (2, (0, 0,1),(1, 1,0)),(0, (0, 2,(0, 0,1)),(1, 0,1))),0)),0),1)) )


elem 5
((((((0,(0,1)),0),(0,(1,0))),0),(((0,((0,((0,((0,(0,(1,(1,0)))),((1,0),0))),(0,1))),0)),0),0)),(15, (1, (0, (0, (0, 1,0),4),(0, 0,(1, (0, 0,(0, 2,0)),1))),(0, 1,(0, 0,(0, (0, (0, 0,1),(0, 2,(0, (0, (0, 0,1),0),0))),2)))),(0, (0, (0, 0,(0, (0, (2, (0, 0,1),(1, 1,0)),(0, (0, 1,(0, (0, 0,(5, 0,(0, 0,(0, 2,0)))),2)),(1, 0,2))),0)),0),2)) )
elem 5
((((((0,(0,1)),0),(0,(1,0))),0),(((0,((0,((0,((0,(0,(1,(1,0)))),((1,0),0))),(0,1))),0)),0),0)),(15, (1, (0, (0, (0, 1,0),4),(0, 0,(1, (0, 0,(0, 2,0)),1))),(0, 1,(0, 0,(0, (0, (0, 0,1),(0, 2,(0, (0, (0, 0,1),0),0))),2)))),(0, (0, (0, 0,(0, (0, (2, (0, 0,1),(1, 1,0)),(0, (0, 1,(0, (0, 0,(5, 0,(0, 0,(0, 2,0)))),2)),(1, 0,2))),0)),0),2)) )


elem 6
(((((0,1),0),0),0),(15, (1, (0, (0, 0,4),(0, 0,(1, (0, 0,(0, 2,0)),1))),(0, 1,(0, 0,(0, 0,2)))),(0, (0, (0, 0,(0, (0, (1, (0, 1,0),(0, 0,2)),(0, (0, 0,(0, (0, 0,(5, 0,(0, 0,(0, 2,0)))),2)),(1, 0,1))),0)),0),2)) )
elem 6
(((((0,1),0),0),0),(15, (1, (0, (0, 0,4),(0, 0,(1, (0, 0,(0, 2,0)),1))),(0, 1,(0, 0,(0, 0,2)))),(0, (0, (0, 0,(0, (0, (1, (0, 1,0),(0, 0,2)),(0, (0, 0,(0, (0, 0,(5, 0,(0, 0,(0, 2,0)))),2)),(1, 0,1))),0)),0),2)) )


elem 7
((0,(0,(1,0))),(15, (1, (0, 0,(0, 0,(1, 0,1))),(0, 1,(0, 0,(0, 0,2)))),(0, (0, (0, 0,(0, (0, (1, (0, 1,0),(0, 0,2)),(0, (0, 0,(0, 0,1)),(0, 1,0))),0)),0),(2, 1,0))) )
elem 7
((0,(0,(1,0))),(15, (1, (0, 0,(0, 0,(1, 0,1))),(0, 1,(0, 0,(0, 0,2)))),(0, (0, (0, 0,(0, (0, (1, (0, 1,0),(0, 0,2)),(0, (0, 0,(0, 0,1)),(0, 1,0))),0)),0),(2, 1,0))) )


elem 8
((0,(((0,((0,((0,(0,((0,1),0))),0)),0)),0),0)),(11, (5, (0, 0,(0, 0,1)),(0, 0,(0, 0,(0, 0,1)))),(0, (1, (2, 1,(0, (1, (1, (0, 1,0),(0, 0,(1, 0,1))),(0, (0, 0,(0, 0,2)),(0, 0,2))),0)),0),(0, 2,0))) )
elem 8
((0,(((0,((0,((0,(0,((0,1),0))),0)),0)),0),0)),(11, (5, (0, 0,(0, 0,1)),(0, 0,(0, 0,(0, 0,1)))),(0, (1, (2, 1,(0, (1, (1, (0, 1,0),(0, 0,(1, 0,1))),(0, (0, 0,(0, 0,2)),(0, 0,2))),0)),0),(0, 2,0))) )

elem 9
((0,(((0,(((0,((1,0),0)),0),0)),0),0)),(11, 5,(0, (1, (2, 1,(0, (0, (2, (0, 0,2),(0, (3, 2,0),0)),0),0)),0),(0, 2,0))) )
elem 9
((0,(((0,(((0,((1,0),0)),0),0)),0),0)),(11, 5,(0, (1, (2, 1,(0, (0, (2, (0, 0,2),(0, (3, 2,0),0)),0),0)),0),(0, 2,0))) )

elem 10
((0,(((0,((0,((0,(0,(0,1))),0)),0)),0),0)),(11, (5, (0, 0,(0, 0,1)),(0, 0,(0, 0,(0, 0,1)))),(0, (1, (2, 1,(0, (1, (1, (0, 1,0),(0, 0,(1, 0,1))),(0, (0, 0,(0, 0,2)),(0, 0,2))),0)),0),(0, 2,0))) )
elem 10
((0,(((0,((0,((0,(0,(0,1))),0)),0)),0),0)),(11, (5, (0, 0,(0, 0,1)),(0, 0,(0, 0,(0, 0,1)))),(0, (1, (2, 1,(0, (1, (1, (0, 1,0),(0, 0,(1, 0,1))),(0, (0, 0,(0, 0,2)),(0, 0,2))),0)),0),(0, 2,0))) )

elem 11
((((0,(1,0)),(0,(0,(((1,0),(0,(0,1))),0)))),(((0,(((0,((0,1),0)),0),0)),0),0)),(11, (5, (0, 0,(0, 2,0)),(0, 0,(0, 0,(0, (0, (0, (1, 0,3),0),0),0)))),(0, (1, (2, 1,(0, (0, (2, (0, 0,2),(0, (3, 0,1),0)),0),0)),0),(0, 2,0))) )
elem 11
((((0,(1,0)),(0,(0,(((1,0),(0,(0,1))),0)))),(((0,(((0,((0,1),0)),0),0)),0),0)),(11, (5, (0, 0,(0, 2,0)),(0, 0,(0, 0,(0, (0, (0, (1, 0,3),0),0),0)))),(0, (1, (2, 1,(0, (0, (2, (0, 0,2),(0, (3, 0,1),0)),0),0)),0),(0, 2,0))) )

...
